Final weights: W1 = [[-4.26711089e-01  3.84042959e-01  6.48273311e-01 -1.26834578e+00
   2.33287268e-01 -4.31298904e-01  1.61030537e-01 -4.10051196e-01
   6.33734144e-01 -1.28971135e+00  3.41827397e-01  8.89430393e-02
   8.05319984e-02  9.48576820e-02 -1.41582522e-01  3.53580665e-02
   5.61053832e-02  4.94088636e-01 -3.28084953e-01  2.46024624e+00
  -1.53131274e-01  2.63656165e+00  2.93910122e-01 -3.64004860e-01
  -1.41575668e-01 -8.65999816e-01 -1.88084574e-01  5.39625927e-02
   1.43351131e-01 -1.18490512e-01 -8.84375468e-01 -1.93901733e-01
   1.26535907e-01 -4.14706248e-01  1.67663061e-01  3.92835397e-01
   3.02454099e-01  2.61764923e-02 -1.05923941e-03  1.99947459e-01
  -3.73872542e-01  1.26368088e-01  1.30682125e-01  2.49753061e-01
  -5.56472744e-01  8.53001728e-01  2.26247066e-01  1.00658809e-01
   4.84565341e-01 -9.25617858e-02]
 [ 7.22485359e-01 -5.96084047e-01  5.72531154e-02 -2.25050821e+00
  -1.60184999e-03  4.91103234e-01  4.12209671e-03  1.90243729e-01
   1.16834162e-01  1.16546098e+00 -4.39174595e-01  3.61470101e-01
   1.90991674e-01 -9.51604818e-02  2.14830671e-01 -3.72361955e-01
   4.89362215e-01 -1.47960016e-01 -6.23660121e-02 -1.64396181e+00
  -2.13023856e-01  2.40951101e+00  2.46345235e-01  1.20566496e+00
   1.63155830e-02 -1.25545586e+00  1.21551949e-01  2.26604745e-01
   3.62372284e-01  2.64283705e-02  1.49537685e+00 -1.05081644e-01
  -1.23885942e-01  8.75464170e-01 -5.67336209e-02 -1.60448808e-01
   1.70255869e-01 -2.41990958e-01  5.81402189e-01 -3.23816053e-01
  -4.89275709e-01 -3.86529956e-02 -3.55064281e-01  4.07699446e-02
   1.40370671e-01 -2.98671422e+00  7.26188216e-02 -1.06559642e-01
   1.33116045e-01 -2.99469219e-01]
 [ 5.60408271e-01  2.19803451e-01  1.97218415e-01  1.45261966e+00
  -2.37637839e-01 -2.38671382e-03 -2.69122863e-01  9.90091842e-02
   2.69897124e-01 -7.84222218e-01 -4.45760435e-01 -4.04726106e-01
  -2.17343316e-01 -2.60865743e-01 -2.63472586e-01 -9.46847660e-01
  -5.27691380e-01 -2.60374358e-01 -1.16326559e-02  1.03854125e+00
   4.86458487e-02 -1.54104973e+00 -2.02518129e-01 -1.57212919e+00
   2.40861322e-01  1.41113964e+00 -2.55184590e-01 -8.52653116e-01
  -3.94467832e-01 -2.64495929e-01 -4.08590683e-01 -1.09963878e-01
   4.76088139e-01  7.58240177e-01  2.03648975e-01  3.23553158e-01
   3.64207367e-01 -8.40688494e-02  3.52868955e-01 -1.60775405e-01
  -2.22821699e-01 -1.98186890e-01  4.05604768e-01  6.28124154e-03
   2.09417496e-02  1.38494245e-01  3.91321180e-01 -9.67652446e-02
   1.33430094e-01 -2.97027656e-01]
 [ 2.73731206e-01 -2.44523091e-01  3.11477811e-01  1.23349629e+00
  -3.32105838e-01 -3.89427661e-02 -6.32506595e-02 -2.98238311e-02
  -5.90017366e-02  1.03337035e-03 -7.39408177e-02  1.66554155e+00
   2.57401547e-01 -2.27838381e-01 -1.12896686e-01  5.01096210e-01
   2.71303038e-01  2.68432857e-01 -2.00653582e-01  1.74727148e-01
   2.34003243e-01 -9.39264390e-01 -2.54640444e-02 -2.82613085e-01
  -2.10693967e-01  1.02727000e+00  8.84736093e-02  3.13920330e-01
  -2.12085071e-03  1.42898548e-01  1.86796081e+00 -1.74117570e-01
   1.56635917e-02  4.29248358e-01 -3.10682528e-01  2.11862126e-01
   1.35690573e+00 -1.72379605e-02 -2.18092709e-01  3.89784563e-02
   6.44716955e-02  2.93047057e-01  2.39861759e-01  3.16653182e-01
   7.00330719e-01 -7.20627340e-01  8.62258114e-02  8.44862214e-02
  -5.50521745e-02 -2.34331630e-01]
 [ 3.28549561e-01  5.66510958e-02 -8.72871018e-01  8.96890629e-01
  -1.49391667e-01  1.89616425e-01 -1.22962589e-01  8.70081404e-01
  -4.40134504e-01  1.34353351e+00 -1.82564077e-01 -2.07846612e+00
  -1.64443399e-01  1.01860577e-01 -2.13120857e-01  9.21249248e-02
  -4.32156366e-01 -4.24549218e-01  3.95265794e-02 -1.18188663e+00
  -2.92911624e-01 -3.63515456e-02 -5.56219959e-02  1.67610003e+00
  -6.75464253e-02 -4.20027002e-01 -2.01629165e-01 -4.36062949e-01
  -3.12589645e-01 -3.02394785e-01 -1.02431664e+00  1.41421333e-01
   1.43066947e-01  4.05605782e-01  1.19649968e-02  5.31441041e-03
   1.44610364e+00 -1.15776040e-01  3.09506428e-01 -4.07176989e-01
  -1.22774759e+00 -2.37207044e-01 -2.39967784e-01  5.46797614e-02
  -3.67327457e-01  2.06277081e+00  1.02193914e-01  1.24556376e-01
  -2.01574903e-01  1.06998952e-01]
 [-1.86261281e-01  9.19548033e-02 -6.62575075e-02  2.29361095e-01
  -1.35134784e-01 -2.49644442e-01 -4.66107314e-02  4.07999662e-01
  -4.65583736e-01 -7.89307083e-01  5.48701609e-02  4.30435440e-02
   1.45435400e-01  2.40731362e-01  4.40723207e-03  7.28026975e-01
  -6.29307055e-02  1.25548325e-01 -3.97524268e-01  1.41705355e+00
   2.04225119e-02 -3.67801396e-02  3.85738327e-01  4.92397010e-01
   1.11482277e-02  1.75739930e-01  1.98185735e-01  7.22847264e-01
   5.58569242e-01 -2.40953572e-01  4.48007427e-01 -1.52772326e-01
  -1.16484967e-01  2.15286883e-01  5.74616128e-02 -3.44539507e-01
  -4.55522003e-01  3.46088669e-01 -9.19282804e-01 -2.36428982e-01
   2.18176531e+00  8.04572079e-02  2.29335671e-02  2.90033354e-02
   1.08881818e-01 -1.23247531e+00  3.27920255e-01 -1.41380375e-01
  -2.05130195e-01 -6.77007006e-02]
 [-1.02098538e+00  1.12286666e-02  3.83765944e-01 -3.73210416e-01
   8.41468952e-02 -4.30635821e-01 -2.35474861e-01  1.00071142e+00
  -5.47620953e-01 -6.61995922e-01  7.58544356e-01 -3.13188545e-01
   3.42598313e-02 -1.55751265e-01 -1.92188816e-01 -3.59653414e-01
   4.23142576e-01 -1.00951290e-01  5.97244455e-03 -2.40300372e+00
  -2.10788049e-01 -2.26958535e+00 -2.21228246e-01 -1.85502440e+00
   4.56288328e-02 -3.79941473e-01  1.37045270e-01  1.19861378e-01
   9.87769650e-02  1.52579343e-01 -1.36402029e+00 -2.27413059e-01
  -1.02512500e-01 -1.22642010e+00 -2.51977531e-01 -2.04806437e-01
  -2.97328857e+00  3.52211263e-02 -2.81308347e-01  3.20043184e-01
  -2.91405833e-01 -2.83491753e-02 -4.76021220e-01 -6.51617974e-01
   8.21902135e-02  1.23640504e+00  9.89086599e-03 -2.84363577e-01
  -1.59759210e-01  4.63968905e-02]
 [ 4.09339321e-01 -1.56596636e-01 -6.20643099e-01 -1.06490359e-01
  -1.60519689e-01 -1.30005849e-01 -1.44774777e-01  7.43670602e-01
  -3.90464120e-02  2.28550329e-01  3.10061341e-02 -1.88582308e-01
  -7.81102191e-02 -2.28396806e-01  1.61413022e-01  3.80743463e-02
   1.72243979e-01 -2.19573299e-01  2.79056954e-01 -9.82364574e-01
  -9.25445618e-02 -3.31468608e-01  3.94055578e-01  1.93056929e-01
  -1.15213074e-01  8.12380153e-01 -1.27105055e-01  6.98957421e-01
   3.43314227e-01 -2.00668857e-01  1.95104370e+00 -1.08016327e-01
  -2.57305945e-02  3.93330033e-01 -3.08247180e-01 -9.16828428e-02
   3.06458876e+00 -2.27632689e-01  1.21292136e+00 -1.27921612e-01
   8.38167433e-01 -1.66398963e-01  4.57856449e-02  1.00145080e-01
  -6.30222352e-01  2.77331855e-02  1.89805924e-01  7.45416016e-03
  -7.88882291e-02 -1.77229791e-01]
 [ 9.16579415e-02 -5.72574571e-01  3.73262035e-01 -3.09263054e-01
   1.97939606e-01  8.73044494e-01 -2.02804445e-01  2.99525519e-01
   3.75501148e-01  3.26933134e-01  3.08390672e-01 -4.15423798e-02
  -1.31468524e-01  4.81980018e-02 -1.68232968e-01 -4.37239431e-01
   1.31518187e-01 -2.27723037e-01  1.88446380e-01  9.65173440e-01
   2.65828698e-01 -1.92423888e-01 -3.22523461e-01 -6.80062247e-01
  -2.95399399e-01 -1.91081619e+00  2.09500235e-01 -2.27504371e-01
   7.18488816e-02 -1.74040488e-01  7.81600890e-01  1.58574356e-01
  -5.14280721e-02 -3.12569119e-01 -2.39576862e-01  1.13158288e-01
  -6.81186829e-02 -1.32909339e-01 -1.84406922e-01 -2.34248876e-01
  -1.04748113e+00 -2.55842203e-01  1.69143256e-02  2.30345138e-01
   1.92209757e+00  1.89549308e-01 -9.79328460e-03 -1.07955246e-01
   2.36800567e-01 -2.37601885e-01]
 [-2.10030871e-01 -2.56453518e-01  2.25490201e-01  8.72116033e-01
   2.75262848e-02 -5.98006317e-01 -1.30116764e-01  7.19306814e-01
  -4.94799492e-01 -4.00754399e-01 -6.46809162e-01 -1.82969608e+00
  -1.68183056e-01  7.56334500e-02  5.13095346e-02 -3.89500209e-02
  -7.68342474e-01 -3.12738191e-01 -1.39663915e-01 -3.18642659e-01
  -2.97662209e-02  5.83459050e-01  5.11974208e-02 -3.62217520e-01
  -1.61547038e-01  8.67705228e-01 -2.90618756e-01 -4.64633527e-01
  -3.79796905e-01 -1.60407120e-01  6.90938945e-01 -1.06317344e-01
  -1.02304297e-01 -5.21139723e-01 -2.83518354e-01 -2.85141303e-01
  -5.56771179e-01 -2.10168681e-01 -2.30166717e-01  2.76234402e-02
   9.48462865e-03 -2.20132124e-01 -1.20628501e-01 -1.17535722e-01
  -7.40279881e-02 -2.32627124e+00 -2.36927078e-02 -4.66955870e-02
   5.26919408e-02 -4.07651319e-02]
 [ 2.34281491e-01  5.79815758e-01 -8.93421018e-03  1.45129168e-01
   3.03046439e-02  2.11881572e-02  2.16577808e-01  1.27528195e-01
   6.64950724e-01 -8.39407147e-01  5.28503306e-01 -7.98067654e-01
  -3.05620845e-01 -1.55039796e-01  2.13821832e-01 -2.03017577e-01
  -2.90819989e-04  2.97507408e-01  3.54276232e-01 -4.48970876e-01
   6.13563781e-02 -7.94805139e-01 -1.48052107e-01 -4.21415638e-01
  -8.93835736e-02  7.55629943e-02 -6.63160153e-03 -3.60560507e-01
  -2.57344362e-01 -1.80379678e-01 -9.34620194e-02 -2.63267632e-01
  -1.41594874e-01  4.05720069e-01 -1.76857390e-01  1.27539257e-03
   1.17518212e-01 -1.81023043e-01  1.58556124e-01  1.11777179e-01
  -9.60069595e-02  2.60178423e-01  3.75927951e-01  1.81886070e-02
   3.62575186e-01  8.61102277e-01  2.81443700e-01  1.12321210e-01
  -2.92572601e-02 -2.71272903e-01]
 [ 3.76013922e-01  3.10325114e-01  5.77996461e-01 -1.20745334e+00
  -2.25808572e-01 -2.92494552e-01 -3.83155596e-02  2.39396239e-01
  -2.61454430e-02  6.32081383e-01  7.57177446e-02  1.82164115e+00
  -2.63450590e-01 -1.71451778e-01 -1.98422896e-01  5.98264763e-02
   7.77189435e-01  3.04231442e-01 -1.96085619e-01  6.66823384e-01
  -2.58872179e-01  6.01707022e-01  3.41240543e-01  6.88061509e-01
  -3.86183448e-02 -3.51483316e-01 -8.95105111e-02  1.00567431e+00
   5.73092573e-01 -3.35760167e-02 -2.82687679e+00  1.97989880e-01
   1.97751349e-01  3.91414713e-01  2.12845323e-01 -1.68360741e-01
  -1.62635230e+00  2.15020363e-01 -1.12850900e+00 -1.93383312e-01
   4.33018599e-01  1.53076786e-01 -1.56215922e-01  1.28383203e-01
  -1.55766379e+00  1.04458586e+00  1.30683622e-01 -1.96095623e-01
   2.77521632e-01  1.76664487e-01]], b1 = [ 0.78419298  1.06707517  0.98276336  2.8174421  -0.15774119  2.57379608
  0.14511646 -0.85759239  2.63814284 -0.54874595  0.63139074  0.45212557
  0.12468772 -0.25242055  0.04546921  2.11373064  1.83319575  1.92188334
  0.14054792  0.25519673  0.18394225  0.57856784  0.39854372  3.97296237
  0.09736187  1.11228318  0.02528671  0.38666102 -0.07513121 -0.03912828
  1.95562991  0.28732757  0.63955394  1.54677208 -0.3006359   1.5814779
 -0.09058697  0.21101367 -0.48767427  0.0898487  -0.06078027  1.34123942
  1.76959057  1.63840894  0.02890173  1.34306769  0.66743007  0.0884024
  0.69899124 -0.21070195], W2 = [ 1.3580395   1.05568197  1.53452568  4.2713434   0.30724724  2.53678092
 -0.2828584  -1.58667615  2.13613398 -2.78553761  0.993485   -3.75240189
  0.20157348 -0.14579014 -0.17878859  2.08281958  1.51185877  1.56656742
  0.37895878 -4.58751149 -0.25118169  4.44151111  0.63845796  4.7332199
  0.19510375  3.21213584 -0.22756844  1.65445535  0.88403836 -0.12503668
  4.80958988 -0.21971076  0.44629928  2.00655024 -0.15849245  1.1500414
 -4.93738156 -0.36833733  2.0626303   0.36827181  2.80326246  0.99942719
  1.18822484  1.11799935  2.66583505  4.61231468  0.20831474 -0.12637034
  0.60537609  0.23399952], b2 = 1.6953210910438155
Input: [3. 2. 3. 3. 3. 2. 3. 5. 3. 3. 3. 5.], Predicted Output: 48.000000011847, Target: 48.0
Input: [1. 2. 2. 1. 1. 1. 5. 2. 2. 7. 1. 1.], Predicted Output: 48.99999998880303, Target: 49.0
Input: [3. 2. 1. 1. 2. 1. 5. 3. 3. 3. 3. 3.], Predicted Output: 50.000000010320356, Target: 50.0
Input: [3. 2. 1. 3. 1. 2. 3. 2. 3. 3. 3. 4.], Predicted Output: 51.00000009095639, Target: 51.0
Input: [2. 2. 2. 5. 1. 1. 1. 2. 2. 2. 1. 7.], Predicted Output: 52.00000001008017, Target: 52.0
Input: [5. 1. 4. 1. 1. 2. 3. 4. 3. 3. 3. 4.], Predicted Output: 53.000000012691025, Target: 53.0
Input: [3. 2. 1. 4. 2. 2. 3. 5. 3. 3. 3. 3.], Predicted Output: 54.00000009710471, Target: 54.0
Input: [5. 1. 1. 1. 1. 1. 1. 1. 1. 5. 2. 2.], Predicted Output: 55.00000001375054, Target: 55.0
Input: [3. 2. 2. 3. 2. 2. 3. 4. 3. 3. 3. 4.], Predicted Output: 56.00000012054979, Target: 56.0
Input: [5. 2. 2. 5. 1. 1. 1. 4. 2. 2. 2. 7.], Predicted Output: 57.00000006949231, Target: 57.0
Input: [1. 2. 2. 2. 5. 2. 2. 5. 2. 2. 2. 5.], Predicted Output: 65.00000006698535, Target: 65.0
Input: [4. 2. 2. 4. 2. 2. 4. 7. 3. 3. 3. 4.], Predicted Output: 65.99999996954527, Target: 66.0
Input: [3. 2. 1. 1. 1. 2. 3. 5. 2. 2. 2. 2.], Predicted Output: 67.00000001458207, Target: 67.0
Input: [4. 2. 2. 2. 2. 2. 4. 7. 2. 2. 2. 5.], Predicted Output: 68.00000015210259, Target: 68.0
Input: [5. 1. 1. 3. 1. 1. 5. 7. 3. 3. 2. 2.], Predicted Output: 69.00000006003309, Target: 69.0
Input: [5. 1. 1. 3. 1. 1. 1. 7. 2. 2. 1. 1.], Predicted Output: 70.0000000783837, Target: 70.0
Input: [3. 2. 1. 4. 2. 2. 3. 5. 2. 3. 3. 4.], Predicted Output: 71.0000001426361, Target: 71.0
Input: [2. 2. 2. 5. 2. 2. 2. 7. 1. 1. 1. 7.], Predicted Output: 72.00000008001757, Target: 72.0
Input: [3. 1. 1. 1. 1. 1. 3. 0. 2. 7. 2. 0.], Predicted Output: 73.00000004036062, Target: 73.0
Input: [3. 1. 1. 1. 2. 2. 2. 2. 1. 2. 6. 1.], Predicted Output: 74.00000006811067, Target: 74.0
Input: [2. 2. 2. 2. 2. 2. 2. 7. 1. 2. 2. 2.], Predicted Output: 75.00000009662207, Target: 75.0
Input: [1. 1. 1. 1. 1. 1. 5. 7. 1. 1. 1. 1.], Predicted Output: 76.0000001003677, Target: 76.0
Input: [2. 4. 3. 2. 2. 2. 2. 7. 1. 1. 1. 7.], Predicted Output: 77.00000012735451, Target: 77.0
Input: [2. 2. 3. 3. 3. 2. 2. 7. 1. 1. 1. 7.], Predicted Output: 78.00000013105748, Target: 78.0
Input: [3. 2. 2. 2. 2. 2. 3. 5. 2. 2. 2. 5.], Predicted Output: 78.99999983586433, Target: 79.0
Input: [4. 2. 2. 4. 1. 1. 1. 7. 2. 2. 2. 2.], Predicted Output: 80.00000005569964, Target: 80.0
Input: [3. 2. 2. 2. 3. 3. 3. 5. 2. 3. 3. 5.], Predicted Output: 81.00000004039055, Target: 81.0
Input: [4. 2. 2. 4. 2. 2. 2. 7. 2. 3. 3. 3.], Predicted Output: 82.00000001660884, Target: 82.0
Input: [3. 2. 1. 3. 1. 2. 3. 3. 3. 3. 3. 3.], Predicted Output: 82.99999989520087, Target: 83.0
Input: [5. 1. 1. 1. 1. 1. 1. 1. 1. 7. 1. 1.], Predicted Output: 83.99999999646667, Target: 84.0
Input: [2. 2. 2. 2. 2. 2. 3. 6. 1. 1. 1. 6.], Predicted Output: 84.99999999592586, Target: 85.0
Input: [2. 2. 2. 2. 2. 2. 1. 5. 1. 1. 1. 5.], Predicted Output: 85.99999998600798, Target: 86.0
Input: [2. 2. 2. 3. 3. 3. 2. 6. 1. 3. 1. 6.], Predicted Output: 87.00000000462852, Target: 87.0
Input: [2. 2. 2. 1. 2. 2. 2. 4. 2. 1. 2. 4.], Predicted Output: 88.00000008919656, Target: 88.0
Input: [2. 2. 2. 2. 1. 1. 1. 3. 1. 3. 1. 3.], Predicted Output: 89.00000002633642, Target: 89.0
Input: [5. 1. 1. 1. 1. 1. 5. 3. 3. 3. 3. 3.], Predicted Output: 89.99999999829943, Target: 90.0
Input: [0. 0. 3. 1. 4. 2. 4. 1. 3. 3. 3. 4.], Predicted Output: 97.00000001747918, Target: 97.0
Input: [1. 1. 4. 2. 2. 2. 4. 7. 2. 2. 2. 3.], Predicted Output: 97.99999995408675, Target: 98.0
Input: [0. 0. 4. 1. 1. 1. 4. 3. 2. 2. 2. 2.], Predicted Output: 99.00000001488962, Target: 99.0
Input: [1. 1. 4. 2. 2. 2. 4. 3. 2. 2. 2. 7.], Predicted Output: 99.99999998538075, Target: 100.0
Input: [0. 0. 3. 2. 5. 1. 3. 3. 3. 3. 3. 2.], Predicted Output: 101.00000001078581, Target: 101.0
Input: [3. 2. 1. 3. 1. 1. 1. 6. 2. 2. 1. 1.], Predicted Output: 102.00000000281386, Target: 102.0
Input: [3. 2. 2. 2. 4. 1. 3. 3. 3. 3. 3. 5.], Predicted Output: 102.99999999866853, Target: 103.0
Input: [1. 1. 1. 4. 2. 2. 2. 7. 1. 1. 1. 3.], Predicted Output: 104.0000000338424, Target: 104.0
Input: [1. 0. 1. 1. 1. 1. 1. 0. 0. 6. 0. 0.], Predicted Output: 104.99999999962395, Target: 105.0
Input: [1. 0. 1. 1. 2. 2. 3. 2. 1. 1. 1. 5.], Predicted Output: 106.00000002806449, Target: 106.0
Input: [1. 1. 2. 2. 3. 2. 2. 7. 1. 1. 2. 2.], Predicted Output: 106.99999992019406, Target: 107.0
Input: [1. 1. 1. 1. 1. 1. 1. 0. 0. 6. 1. 0.], Predicted Output: 107.9999999990353, Target: 108.0
Input: [0. 0. 0. 2. 3. 3. 3. 3. 1. 3. 1. 3.], Predicted Output: 109.00000000194612, Target: 109.0
Input: [0. 0. 4. 2. 2. 2. 2. 5. 1. 1. 1. 4.], Predicted Output: 110.00000006658999, Target: 110.0
Input: [0. 0. 3. 2. 2. 2. 3. 3. 2. 2. 2. 3.], Predicted Output: 110.99999999532758, Target: 111.0
Input: [0. 0. 4. 2. 2. 4. 1. 5. 2. 2. 2. 2.], Predicted Output: 112.00000003562627, Target: 112.0
Input: [0. 0. 4. 2. 2. 4. 1. 2. 2. 2. 2. 5.], Predicted Output: 113.00000000843193, Target: 113.0
Input: [0. 0. 3. 2. 1. 1. 1. 4. 1. 1. 1. 1.], Predicted Output: 114.00000004685198, Target: 114.0
Input: [0. 0. 4. 1. 3. 1. 4. 2. 3. 3. 3. 2.], Predicted Output: 114.99999995982046, Target: 115.0
Input: [1. 1. 3. 1. 1. 1. 1. 0. 1. 6. 2. 0.], Predicted Output: 116.00000000280332, Target: 116.0
Input: [0. 0. 2. 2. 2. 2. 3. 4. 1. 1. 1. 4.], Predicted Output: 117.00000001606008, Target: 117.0
Input: [0. 0. 2. 2. 2. 2. 1. 3. 1. 1. 1. 3.], Predicted Output: 117.99999993104002, Target: 118.0
Input: [0. 0. 3. 3. 3. 3. 2. 4. 1. 4. 1. 4.], Predicted Output: 118.99999999007338, Target: 119.0
Input: [0. 0. 2. 2. 1. 2. 2. 2. 2. 1. 2. 2.], Predicted Output: 119.99999998589907, Target: 120.0
Input: [0. 0. 2. 2. 4. 1. 3. 2. 2. 2. 2. 4.], Predicted Output: 119.99999999263702, Target: 120.0
Input: [0. 0. 5. 1. 3. 1. 5. 3. 3. 3. 3. 3.], Predicted Output: 122.00000003110102, Target: 122.0